
motorOmega0 = 36.0; # [rad/s]
motorSigma = 1.0; # [rad]


motorsBrushModel :
{
    # Model: MotorVoltage = A.dw_dt + B.w + C.w²
    A = [1.138468495918220e-05, 1.138468495918220e-05, 1.138468495918220e-05, 1.138468495918220e-05]; # [V.s/rpm]
    B = [8.002137514299809e-05, 8.002137514299809e-05, 8.002137514299809e-05, 8.002137514299809e-05];  # [V/rpm]
    C = [2.350726147189398e-09, 2.350726147189398e-09, 2.350726147189398e-09, 2.350726147189398e-09];  # [V/rpm2]

    motorsPwmMax = [511.0, 511.0, 511.0, 511.0]; # [PWM]
}



